4.8768e-05
4.87931e-05
4.88134e-05
4.88315e-05
4.88484e-05
4.88646e-05
4.88805e-05
4.88962e-05
4.89117e-05
4.89272e-05
4.89427e-05
4.89582e-05
4.89736e-05
4.89891e-05
4.90045e-05
4.902e-05
4.90355e-05
4.9051e-05
4.90665e-05
4.9082e-05
4.90975e-05
4.91136e-05
4.91327e-05
4.91559e-05
4.91826e-05
4.92117e-05
4.92418e-05
4.92723e-05
4.93025e-05
4.93319e-05
4.93605e-05
4.93881e-05
4.94158e-05
4.94452e-05
4.94765e-05
4.9509e-05
4.95424e-05
4.95762e-05
4.96101e-05
4.96442e-05
4.96783e-05
4.97124e-05
4.97465e-05
4.97813e-05
4.98171e-05
4.98461e-05
4.98692e-05
4.99169e-05
4.99646e-05
5.00103e-05
5.00562e-05
5.01037e-05
5.01536e-05
5.0207e-05
5.02649e-05
5.03276e-05
5.03955e-05
5.04685e-05
5.05469e-05
5.06309e-05
5.07208e-05
5.08164e-05
5.09139e-05
5.10144e-05
5.11327e-05
5.12598e-05
5.1394e-05
5.15366e-05
5.16889e-05
5.18517e-05
5.20261e-05
5.2213e-05
5.24131e-05
5.26275e-05
5.28567e-05
5.31015e-05
5.33624e-05
5.36399e-05
5.39345e-05
5.42465e-05
5.4576e-05
5.4923e-05
5.52874e-05
5.56689e-05
5.60671e-05
5.64814e-05
5.69111e-05
5.73554e-05
5.78134e-05
5.82842e-05
5.87668e-05
5.926e-05
5.97627e-05
6.02738e-05
6.07921e-05
6.13165e-05
6.18458e-05
6.2379e-05
6.2915e-05
6.34529e-05
6.39916e-05
6.45302e-05

